migd,mhv,final_wealth,mean_net_return,mean_turnover,mean_realized_risk,mean_realized_return,annualized_return,annualized_volatility,annualized_sharpe,max_drawdown,oos_hv_curve,oos_igd_curve,wealth_path,net_return_curve,turnover_curve,selected_weights,decision_dates,final_front,final_pf,asset_names,n_evals,algorithm,seed,runtime_sec
0.0010851147449606302,0.41332694781860235,29.854807315397082,0.10315647305534525,0.3514843841048509,0.00026319532076515546,0.0015573149846368612,0.4297649958591181,0.2576375155260267,1.5177567496020588,0.18993871339660617,"[0.4637550564642271, 0.43881324075636474, 0.6676080538016719, 0.08838649647201294, 0.5662941521994297, 0.4368481904636711, 0.19908750534230424, 0.10785023907385204, 0.3099009828158999, 0.21796488615005974, 0.09841836297242897, 0.5276722242574076, 0.41691953669793586, 0.5049505371687388, 0.12498840895605161, 0.8310268943379779, 0.8161065252846295, 0.8518083401650981, 0.3656986508271374, 0.655148029629247, 0.27932600346507575, 0.30335056912406766, 0.6629839675972021, 0.47426877365150333, 0.11160120705058939, 0.11218631055423589, 0.18360999083398358, 0.0908205005827054, 0.5876023470856687, 0.6934663632021574, 0.5584366651507711, 0.12932692624169242, 0.5262260297499457, 0.8183644809813019, 0.8204928631973286, 0.010000000000000018, 0.5476403100965597, 0.10747439470595355]","[0.0021738397148524896, 0.0007648612759028847, 0.0009409042907823273, 0.001350628513803644, 0.0005449037515852375, 0.0004959332232640639, 0.0015719372450244593, 0.0021132524258139296, 0.0015274542355003468, 0.0012993385518763239, 0.0007445522480252565, 0.0007494665155803686, 0.001034912123696862, 0.0007577649337708594, 0.0018447246578214324, 0.0002834595914844681, 0.00025403993827808897, 0.00018414275366510506, 0.0011835706788648332, 0.00033997712624149077, 0.0006432137082504824, 0.0006133690710064613, 0.0002605433275905836, 0.00026353560087955614, 0.0011377420681173906, 0.0011185751397867322, 0.003389474742633837, 0.0017602232098256816, 0.00217478188861082, 0.001577267607063208, 0.0008389555887726897, 0.0009413222922987845, 0.0007780575399976178, 0.0003517255904356367, 0.0003042857926822263, 0.0022785990847775826, 0.0008442671420372516, 0.0017987571179029361]","[1.0999373174138436, 1.2206129366639291, 1.5535124068656574, 1.5022101335340823, 1.729903781134333, 1.7042483318057686, 1.7080555633180077, 1.733068390114203, 1.5385942095135896, 1.834094373356765, 1.6395073650131062, 1.9278249794409963, 2.2140329388986433, 2.5606029234724024, 2.9646140083188888, 3.2029164899277847, 3.5078267964312686, 3.8649994241827264, 4.404936262502302, 5.007393026630707, 5.2620003449350445, 5.397920841055287, 6.099134612578045, 6.199602895954334, 6.062721268294849, 5.902702037451343, 6.373872692641797, 6.725838540387882, 10.184305359916612, 16.89205762276412, 20.395527976256304, 20.527047162686053, 23.578423736485856, 28.53661078079341, 34.72906346473915, 28.132669832777513, 31.666790661412826, 29.854807315397082]","[0.0999373174138436, 0.10971136021988626, 0.27273139600795937, -0.03302340754077515, 0.15157243485276006, -0.014830564340255759, 0.002233965227476542, 0.014644035787457765, -0.11221379474112858, 0.19205854410214807, -0.1060943270806316, 0.17585624839543512, 0.14846158884228045, 0.1565333462230052, 0.15777967022649952, 0.08038229629226756, 0.09519770729656418, 0.10182162588951993, 0.13969907341803744, 0.13676855423696166, 0.050846282077373406, 0.025830575296535763, 0.12990441915885365, 0.016472547296971785, -0.022079096025458322, -0.026393961352030204, 0.07982287640490404, 0.055220093766919165, 0.5142060426757253, 0.6586362079487402, 0.20740341003637286, 0.006448432547706551, 0.14865151083915173, 0.210284924035661, 0.21700028540577687, -0.18993871339660617, 0.12562337132033208, -0.05722030266312128]","[0.32207881717245035, 0.34426931785223996, 0.2482285796361679, 0.12286154558201107, 0.3945818434473795, 0.5204067399008082, 0.48391841318633333, 0.41354079750865086, 0.27878906889478816, 0.417749061141299, 0.39768084167399625, 0.45461919859244976, 0.15619741426289066, 0.15114413676178598, 0.35814388490921417, 0.2689576346295248, 0.4426373408834928, 0.17345359639315439, 0.22374422041045014, 0.3296275220401932, 0.36714045428813075, 0.18582800292900697, 0.5741958211053135, 0.6799490610740596, 0.6539149821643866, 0.08083063216524164, 0.08926631841857084, 0.7130651953715735, 0.39790716283825855, 0.2603409625285566, 0.24847090423038024, 0.22934371817629268, 0.2968682795453029, 0.30981282694085316, 0.08242333020857774, 0.6421368655908469, 0.7268301006993799, 0.31545200283032376]","[[0.0018829238449238545, 0.12178785061737973, 0.0620580598244482, 0.016789746921200596, 0.060831297336367225, 0.15036894790788108, 0.08917959476045051, 0.0031203155800599296, 0.031415126412355596, 0.08125164992208807, 0.09558514972586646, 0.00182371290819432, 0.15216385540668467, 0.13174176883209984], [0.0004814170160208273, 0.2149024765097943, 0.027963483852502816, 0.008095355042250924, 0.09346112942489267, 0.2141655113385235, 0.005222328738274025, 0.02907085284724632, 0.0804585792131378, 0.01191629391211525, 0.10138458134227775, 0.007286991030751887, 0.005377634266392049, 0.2002133654658199], [0.002370244906265897, 0.16953938678715297, 0.01231965239258902, 0.008514874256572293, 0.024463376208920036, 0.16938329442229724, 0.017219989998301887, 0.03834205662898776, 0.15302334529241912, 0.12255676700667788, 0.13639827278411457, 0.011701316178617123, 0.007395745992678319, 0.12677167714440601], [0.0004954075605836505, 0.18720843364493925, 0.01093053583643159, 0.0030775189144084986, 0.015875313718785606, 0.17774193559886284, 0.0010570904543341722, 0.05151287969048281, 0.10953422218750018, 0.1410675252417615, 0.090478121585128, 0.05785274702542497, 0.014939213620885697, 0.13822905492047124], [0.15037379993287117, 0.14525815967636194, 0.0012610514686293578, 0.006973073855486555, 0.022543086143868563, 0.01639924320978572, 0.0015967998916244733, 0.0018145173174116851, 0.17113027753164492, 0.016279537731127888, 0.08334507874690984, 0.12515048697595202, 0.10549250936000307, 0.1523823781583227], [0.0012276685404397, 0.1700520244393674, 0.0005119684514958457, 0.0002400864405805773, 0.028179345315086955, 0.04937257492081996, 0.0007085456375216314, 0.2044643732861604, 0.21983994658624453, 0.21618865673222043, 0.08907971897801911, 0.007958228780508897, 0.01104386662603335, 0.001132995265501042], [0.23960451392707302, 0.02422238306409637, 0.003779276753326641, 0.0015589967600989584, 0.030223930911130258, 0.03367653498070225, 0.0021479310878516184, 0.2384465740453132, 0.011256641359893016, 0.17828028069344293, 0.0131786683722036, 0.011290854895499957, 0.017209044128729725, 0.1951243690206384], [0.2949321356096149, 0.05009886857984803, 0.012773810019024329, 0.00021191480016327207, 0.1242226559302287, 0.03461347596915806, 0.0242035995300642, 0.16752820723540507, 0.031078947424514974, 0.032551187732760674, 0.012588138476605745, 0.019036723698727824, 0.19599169185577267, 0.00016864313811157925], [0.3715392057874293, 0.07164684612180329, 0.11144600508107985, 0.017107618844611833, 0.09627820039677128, 0.007410570435223015, 0.0004972718159888264, 0.21446532784374361, 0.023996769420477126, 0.014841731465265042, 0.022556798652278276, 0.023758257977158904, 0.02084794601398592, 0.0036074501441838137], [0.16209302695673428, 0.0634916236247243, 0.14486426037952937, 0.0757271147172605, 0.1572575625544458, 0.09533103269621068, 0.023876918258965023, 0.022790234518171745, 0.024282200642282155, 0.01242077676741514, 0.10319479783939034, 0.09626666667680411, 0.01671794285030279, 0.0016858415177638695], [0.04269118388212099, 0.13089925934601884, 0.16420032401736354, 0.007331182514051893, 0.06590188325846252, 0.006789993110514802, 0.0006356223292424769, 0.16746703862657292, 0.1591842972052874, 0.023440635825387572, 0.11520830955654718, 0.10455421686963574, 0.00997289126553, 0.0017231621932639817], [0.012403276223641714, 0.07020919431423656, 0.16143981275485775, 0.04312818781734198, 0.07738541855544592, 0.1970642457606837, 0.11624357534816336, 0.008298692134474825, 0.05616842828086925, 0.014035705588992586, 0.025916740569775984, 0.2016567888466622, 0.012398924013397889, 0.0036510097914561335], [0.01494358491433495, 0.15241119820048693, 0.16265100405944916, 0.003037741561771062, 0.008175498160050965, 0.20863396611720159, 0.15385587997463895, 0.00011666245207754, 0.07071131908563612, 0.004988321894721496, 0.008204484686742184, 0.20817578344025758, 0.0020595344227451306, 0.0020350210298864502], [0.0014133316571187107, 0.07811413579419642, 0.17943563594731313, 0.003989071433220334, 0.012052226924422368, 0.14981635821825354, 0.1787687879114921, 0.001366641667786019, 0.13031687205820094, 0.007881056258536297, 0.003963380543345898, 0.23106109510211675, 0.020044494510045998, 0.001776911973951603], [0.0007811367031383016, 0.041960108186362144, 0.0229675273442486, 0.006483333474217831, 0.21146511761081563, 0.02946999312431901, 0.27205661759669264, 0.0007029469495087787, 0.0920732612059835, 0.017801206120474117, 0.00447617806392692, 0.28046828609146557, 0.014408611430140238, 0.0048856760987067835], [0.025905312278690737, 0.03249663711067868, 0.12644705372458293, 0.0047577226152166, 0.017485280569011354, 0.002745803908295167, 0.25833136466364914, 0.0008695753002716559, 0.13618016325164026, 0.00307336777325141, 0.045662105807553754, 0.33536276062505704, 0.005873668413556606, 0.004809183958544539], [0.2864846280567488, 0.02633240033092789, 0.05647843683521501, 0.008343615015429186, 0.0059738362273378245, 0.033093752415642025, 0.009681301850005701, 0.014170485506920063, 0.0729323533036603, 0.11144329388803699, 0.07211545368399509, 0.29749368791314224, 0.0015568379953912765, 0.0038999169775475783], [0.32414603613933174, 0.02387409044663673, 0.058184353164476406, 0.008363172688274198, 0.007873446070236038, 0.001834765595348133, 0.01612067661264339, 0.0001553860185728376, 0.049421145224936326, 0.009233301766538932, 0.15566428337914512, 0.33701458143514174, 0.003463405068092226, 0.004651356390626351], [0.2081234327109292, 0.2376007830025471, 0.008145169026145904, 0.005368372113975108, 0.012056776352479624, 0.002802752638632763, 0.0015873158974884973, 0.00039325904621548724, 0.04707746360341146, 0.013295511635679337, 0.14003774008525297, 0.3154673148415664, 0.00402953270032067, 0.004014576345355552], [0.0013009451980914616, 0.24006776181838682, 0.1969670879637629, 0.010192970529943758, 0.002283450114944392, 0.005334104343431723, 0.0026570946119671116, 0.0003455233064939707, 0.01683957614874131, 0.0043700500643491, 0.2699506355367432, 0.24544006811563784, 0.0006695314737828895, 0.003581200773723589], [0.002446223056231419, 0.2347311746478816, 0.22327262788851637, 0.0028797416428383736, 0.21482681031479967, 0.005581049666499124, 0.004271285629387475, 0.11991380164453261, 0.007440215545359185, 0.00841697863168576, 0.1661775357752905, 0.0072425221962241805, 0.002339464533301772, 0.00046056882745193294], [0.001069036747565057, 0.2978910606204876, 0.04082125301036805, 0.008263302039376062, 0.24724594831974286, 0.014879375169164733, 0.015123941538564953, 0.12050999595208849, 0.02037242437702403, 0.013005056582754288, 0.20530944050386526, 0.01028656688208618, 0.00034002279110956625, 0.004882575465802989], [0.0006294105378305912, 0.06303296722042948, 0.3012527821413341, 0.013538023791609836, 0.25412419928272584, 0.005309120817092632, 0.00781678431856068, 0.0015570890904234682, 0.005246995068723661, 0.3085238106438768, 0.030423147944262888, 0.001647226262141721, 0.006432587989117622, 0.0004658548918706604], [0.0001666837551114962, 0.0014409062898273393, 0.005013955372503643, 0.43210414993758095, 0.44229099724546683, 0.0028798542151655293, 0.0019117897454538893, 0.017464518077740982, 0.03361770959744244, 0.017335575762130857, 0.008290197409134713, 0.02118017567962156, 0.014858425700973593, 0.0014450612118460633], [0.004525377467563643, 0.0017347809152860655, 0.0024737635460801506, 0.02389681159989982, 0.24994355251264022, 0.005185107587333356, 0.015132648876761372, 0.011344735674204166, 0.009575440728720337, 0.3421891341692368, 0.008811289557896985, 0.0011035062205701184, 0.3232200764681058, 0.000863774675701149], [0.0027249918101097405, 0.00047434577301633604, 0.0021014882343619056, 4.87641777599976e-05, 0.3001124250450687, 0.004931212910741754, 0.02516177843287211, 0.0027150492226968473, 0.016213875691044377, 0.3561677766580253, 0.0019945790382290287, 9.032258368678927e-05, 0.286384063121096, 0.0008793273012909904], [7.228514864708148e-05, 0.00030311688071782216, 9.654589637144047e-05, 0.0019255626994389816, 0.23381319771604447, 0.002850711073445297, 0.011261161750605436, 0.012548546342731674, 0.04055543628245418, 0.3619520507309623, 3.8910368913414396e-05, 0.0008796655083514048, 0.33302490830894166, 0.0006779012923748002], [0.18593488872999867, 0.04504259059083545, 0.004546635221430748, 0.025681808322012438, 0.005112620257257549, 0.12486396156697123, 0.15960622604656516, 0.0062576978754916085, 0.04444984111291645, 0.20705697582986585, 0.006216418781946701, 0.012165313107390812, 0.009846213764491739, 0.16321880879282563], [0.20341507675167683, 0.07227566434207187, 0.1993440104000122, 0.04381830216411525, 0.00020566585155800754, 0.08773565724373064, 0.03583484037665794, 0.0016730672796471592, 7.256941067265348e-05, 0.026057029568316084, 0.0997206346034636, 0.010026643227617569, 0.013489994355058033, 0.20633084442540203], [0.29849282825589024, 0.02832781844448564, 0.2745902662307615, 0.0344884795836658, 0.012000560112871428, 0.0015715162299873998, 0.022748500161245414, 0.0048163183770579985, 9.323659236586693e-05, 0.01914634805272874, 0.005166963713857992, 0.0036781828114454468, 0.017390443890068233, 0.2774885375435684], [0.13175981642643145, 0.0030015843470308397, 0.3599845949872962, 0.0033994412081515372, 0.012750491760208715, 0.004099122541770668, 0.0364855974318421, 0.0019061029190104207, 0.0008179144547726541, 0.008961257824025477, 0.06372396301269985, 0.02289652047871063, 0.005163129648866634, 0.34505046295918285], [0.12054111452322054, 0.0011132725941037276, 0.28752766783522254, 0.002722355610425909, 0.0038789548301844134, 0.008744640487198628, 0.0003885018829152852, 0.001470399046100606, 0.004893366281178785, 0.011780572782192406, 0.007263183869577983, 0.0084105179848239, 0.22296656309515836, 0.318298889177697], [0.045282988026271856, 0.008952381548596058, 0.07038687168743134, 0.004512344652753822, 0.0031208349408544255, 0.0247417557354696, 0.008359002128651353, 0.0031133610985677666, 0.034713705354836887, 0.009146781750359587, 0.011504056592167312, 0.007333072005423664, 0.37846802420117054, 0.3903648202774459], [0.003440268016226575, 0.015322523427009158, 0.0003141851659733477, 0.005997307475280068, 0.002254189722342813, 0.3219998382763641, 0.0020050395581827376, 0.006426326893514047, 0.0003307615991415099, 0.010533455654432571, 0.003980193485010959, 0.0012772642483250608, 0.33103608287023184, 0.29508256360796514], [0.003637303517056093, 0.00020203596667729955, 0.0007134348344686622, 0.002546187980260322, 0.002486679691170077, 0.35596328652523546, 0.0024230850406129043, 0.0007969508512833299, 5.592718673230792e-05, 0.007285928588048022, 0.0015405530640385432, 0.04849032558744929, 0.30130702714882335, 0.2725512740181445], [0.008792824810375565, 0.00043435837712128676, 0.00021013797345043059, 0.00043908491724042387, 0.41965826857462885, 0.25626760940220616, 0.009399425088265302, 0.0008180621033445287, 0.006077077884881163, 0.020865846755276408, 0.001153579381926907, 0.24146923842598297, 0.030135755829627627, 0.004278730475672225], [0.25964735102268466, 0.0018949025968611117, 0.00032688225501360194, 0.0005797906583638995, 0.010752765921613944, 0.13392219675372255, 0.2193851111883251, 0.0004304720547116956, 0.005051417898511651, 0.18465945867083527, 0.0002985323470390228, 0.04820145349324607, 0.03009265243437339, 0.10475701270469819], [0.42133826902564914, 0.0031690781107636995, 0.0013212533105732248, 0.02173211515974819, 0.016119767077484706, 0.06850893301607086, 0.335261586416013, 0.00952720942766566, 0.0015047911293184536, 0.000575191756041233, 4.0933710884602373e-05, 0.01156903359640228, 0.028223067333010558, 0.08110877093037422]]","[""2013-05-23"", ""2013-08-22"", ""2013-11-20"", ""2014-02-24"", ""2014-05-23"", ""2014-08-22"", ""2014-11-20"", ""2015-02-24"", ""2015-05-26"", ""2015-08-24"", ""2015-11-20"", ""2016-02-24"", ""2016-05-24"", ""2016-05-24"", ""2016-11-21"", ""2017-02-23"", ""2017-05-24"", ""2017-05-24"", ""2017-11-21"", ""2018-02-23"", ""2018-05-24"", ""2018-05-24"", ""2018-11-21"", ""2019-02-26"", ""2019-05-28"", ""2019-05-28"", ""2019-08-26"", ""2020-02-26"", ""2020-05-27"", ""2020-05-27"", ""2020-11-23"", ""2021-02-25"", ""2021-05-26"", ""2021-08-25"", ""2021-08-25"", ""2022-02-24"", ""2022-05-25"", ""2022-08-25""]","[[0.00026714, -0.00071136], [0.00028069, -0.00092305], [0.00027324, -0.00091888]]","[[0.00023505870784560034, -0.0012850050314453152], [0.00023506047858330427, -0.00129742633466559], [0.000235611387581541, -0.001508841369768667], [0.00023713327299861237, -0.0017202564048679246], [0.00023962096662349767, -0.001931671439975999], [0.0002454678422589358, -0.0021430864751327216], [0.0002598918857313007, -0.002354501510178673], [0.00029784058956931395, -0.002565916544916771], [0.00036089679922478, -0.0027773315800204415], [0.000449060514653789, -0.0029887466151241157], [0.0005623317360756569, -0.0032001616505962912], [0.0007007104630955138, -0.00341157668569996], [0.0008641966955820692, -0.0036229917204351216], [0.0010527904344558548, -0.003834406755907298], [0.001266491678796339, -0.004045821791010967], [0.0015053004289103647, -0.004257236826114635]]","[""AAPL"", ""ADBE"", ""AMZN"", ""CRM"", ""CSCO"", ""GOOGL"", ""IBM"", ""INTC"", ""META"", ""MSFT"", ""NFLX"", ""NVDA"", ""ORCL"", ""TSLA""]",59390,DNSGA-II-A,0,10.851663600013126
0.0010900580133342155,0.403701546302936,33.253411760384964,0.10702798262020508,0.324678970165847,0.00025982425456060277,0.0016002852442045903,0.44608321523084404,0.2561647066125411,1.569172406296638,0.1700398188763248,"[0.4255136182059296, 0.4449807058363098, 0.6646342157674764, 0.08062527598603797, 0.5593580881301519, 0.3309353624433504, 0.29517700056593615, 0.10844926097103931, 0.3596581475813791, 0.2781964553966299, 0.09736280352327316, 0.4553336180686369, 0.37244727926920396, 0.4341480880353503, 0.10720329652066417, 0.7915847523497422, 0.7764682750114034, 0.809631055574793, 0.3573664227046876, 0.6600418475801993, 0.3305190103393636, 0.23675652335552547, 0.4693435575566119, 0.43095314950360375, 0.1520588477405503, 0.0829521858080965, 0.20327270002045938, 0.10278455279464438, 0.5897285449386467, 0.7248659400524364, 0.6526740796130345, 0.10021089071591267, 0.5085146339726838, 0.8431109661792308, 0.8385680509753114, 0.010000000000000018, 0.5465853056376706, 0.10864425078559357]","[0.0024065498798143572, 0.0007260177729586701, 0.0009277337080045589, 0.0014941020855863134, 0.0006325994323833559, 0.0006168032359438955, 0.00129418648584077, 0.002110790033926694, 0.0013672569609441256, 0.0011153463407029462, 0.0008002454767616056, 0.0009264552612798458, 0.0011549654551433828, 0.0009682852188393224, 0.001985639708661134, 0.00032754910758108944, 0.00028013069836347546, 0.0002747837127723201, 0.0012841770013155007, 0.0003591307814100378, 0.0005856155772998397, 0.0007039369875650272, 0.0006633509876342431, 0.0003893925185249811, 0.0010442626867001167, 0.001243389969301628, 0.0032676719785909025, 0.0017206530763615546, 0.002119867386670381, 0.0011877666552142377, 0.0005835917837335187, 0.001132255557863601, 0.0007696580945405436, 0.0002252648544765856, 0.00025181973936844496, 0.0018636229282600557, 0.000926575961776209, 0.0016907594045849296]","[1.1078537983537848, 1.253123483086776, 1.5770835301131518, 1.509927071887628, 1.771302210977346, 1.7765457441485382, 1.7765468799574817, 1.803452737718624, 1.6195107193582932, 1.911742041564214, 1.749655386786704, 2.0406352317066823, 2.3316257006001995, 2.6535941808400274, 3.0522858417697427, 3.274609102089618, 3.5230122759665843, 3.887819804275489, 4.250928305172634, 4.727696246572286, 4.941271448044494, 5.379614901311583, 6.053065864035554, 6.204768517835802, 5.981507676293953, 5.70198868819196, 6.252575208059722, 6.86618726544254, 11.042357539659305, 18.320851042943385, 22.01266666065408, 21.759761881454306, 25.21536004954791, 31.67671829158818, 40.06627367997762, 34.450446409642254, 38.141922262907585, 33.253411760384964]","[0.10785379835378484, 0.1311271261143434, 0.25852204622993447, -0.04258268946648969, 0.1731044789884859, 0.0029602702117663693, 6.393356024592123e-07, 0.015145031107643092, -0.10199436587011335, 0.18044420374180237, -0.08478479379199533, 0.16630694656641598, 0.14259798339860463, 0.13808754988287686, 0.15024590565069174, 0.07283828312454843, 0.07585735155944362, 0.10354988848536295, 0.09339643275077458, 0.11215619440570412, 0.04517532225702037, 0.0887106603788308, 0.1251857196246111, 0.025062118471499417, -0.03598213872122369, -0.04673052401316624, 0.09656043706434403, 0.09813749326707133, 0.6082226005159215, 0.6591430749405573, 0.20150895878456843, -0.011489056873414727, 0.15880680068649045, 0.25624691574277625, 0.26484925967275164, -0.1401634530625635, 0.10715320809985585, -0.12816633804732547]","[0.37952701701998426, 0.33336120693293336, 0.17534531388233493, 0.1412530656550946, 0.3583245696815461, 0.29186845395264727, 0.4115140471248252, 0.5166170110902839, 0.20178372384921486, 0.3486658773952978, 0.28824219335696394, 0.39694400903430194, 0.07681867977545487, 0.09747157575092018, 0.24907176335456002, 0.23051281952174488, 0.450042152161775, 0.29983817423642667, 0.30880727657624024, 0.47513714926836226, 0.4177073742852472, 0.28795067986704925, 0.42956350707786806, 0.46187585353907107, 0.443559505327827, 0.1642321008638523, 0.33341535291557345, 0.5928153081090592, 0.3759715709146071, 0.05841682631127405, 0.19526005315316766, 0.307987741280538, 0.35889849968041, 0.3830767319729017, 0.026991150514160515, 0.6710088939725144, 0.5020713368016609, 0.29585230009449254]","[[0.017570209726613082, 0.09377109734752656, 0.009232236809844592, 0.022410389108048285, 0.10631782389304427, 0.1557295395104547, 0.13252246147712907, 0.013184497969643483, 0.008435080675750713, 0.03585528689454212, 0.09590855008330615, 0.013785281795573529, 0.12845101771650225, 0.1668265269920213], [0.006178007678423165, 0.22497711497114103, 0.018652153256887516, 0.003935330871482223, 0.008497300385957692, 0.20795219789703706, 0.08884800595367248, 0.012410030227305066, 0.13483427822768254, 0.0010891154889011594, 0.10347684611682571, 0.014252926748594779, 0.001992689246847412, 0.17290400292924216], [0.010828325641144181, 0.20766533453641295, 0.019620799115631898, 0.0019197118572150088, 0.015786590386574772, 0.1654772745976521, 0.054724003503284865, 0.01094295628162255, 0.092302085240146, 0.12301889428294382, 0.14031900531830768, 0.012165800657412143, 0.005657811311575207, 0.13957140727007677], [0.014679587504440384, 0.20074590117017477, 0.007916948776901234, 0.0018219690011060429, 0.01204788067932, 0.15944691218407525, 0.008847563383940068, 0.008681491660092395, 0.1611047394685406, 0.11706633206309733, 0.09522803409780449, 0.08076495022081603, 0.0007982266660963047, 0.13084946312359522], [0.23999952828243634, 0.11724035436177917, 0.010642501675531525, 0.005039876161986728, 0.02023264148633088, 0.01873242142944317, 0.004371781482892984, 0.000687401673102034, 0.22224091295988285, 0.014692456416402336, 0.12767729153146642, 0.07790885712411562, 0.026089203778120348, 0.11444477163650955], [0.21367641624079878, 0.11817946612765212, 0.006595389592400957, 0.0031750115805846487, 0.004592422452632624, 0.0040535372747340925, 0.02011898419710676, 0.19807803704345053, 0.20216599455889003, 0.0924839605186144, 0.09925684681760273, 0.004620426042257181, 0.008674528650630382, 0.024328978902644773], [0.2115405475110701, 0.01603416965819162, 0.0003028679778466698, 0.0014818035191770328, 0.008332558965175221, 0.0019722636356873627, 0.013583889213156506, 0.1889712512801954, 0.009478890655323247, 0.2356665778599874, 0.010419952857747564, 0.1033079804001058, 0.010432520714836139, 0.1884747257514999], [0.3234811325213585, 0.012284852628753017, 0.010434265246621235, 0.011206744246247638, 0.27620602664270744, 0.007974566647217171, 0.08406778922886134, 0.17191148140476364, 0.0077299282545647136, 0.02208885408203322, 0.004484385744740721, 0.007272620549747663, 0.05089293809421961, 0.009964414708164209], [0.2989088071336743, 0.10107333695803022, 0.06454623293233262, 0.0040508758629632, 0.2468934114844362, 0.028743656845267807, 0.011312666354743326, 0.1572487600800505, 0.028448718452403203, 0.017396991257965105, 0.021879777183077733, 0.00524229658192575, 0.007150913017688141, 0.007103555855441855], [0.19296815064672007, 0.1752212057544538, 0.1411903421649291, 0.013986595423125754, 0.17809584196999426, 0.057429174932956156, 0.00010412228585753484, 0.02018893684229133, 0.015335646953846368, 0.004850778669265207, 0.08302576307757974, 0.07137864574304228, 0.03901310435254803, 0.007211691183390193], [0.019538095479548857, 0.1678116006468744, 0.17983044680282403, 0.028937078533539558, 0.13598958976051848, 0.0213851179012902, 0.010411989011079184, 0.01472598103146547, 0.16627109739933635, 0.013412225203577302, 0.08761529843626978, 0.13163595228798378, 0.021134503667002875, 0.001301023838689691], [0.012896416360672543, 0.15306767688066658, 0.11617040956592427, 0.000852693104679758, 0.0278115519877551, 0.1559908577079099, 0.18572473169833145, 0.03178527349376067, 0.07543341426740421, 0.024790542230669274, 0.004817300458925791, 0.18788609770214396, 0.019134239065584216, 0.0036387954755723617], [0.007527636907105384, 0.15543785750479197, 0.11796925344636368, 0.0008658966543528408, 0.028242200724258915, 0.11045396996000631, 0.19359796842519547, 0.032295477902545604, 0.13694327996877548, 0.0015720199933861596, 0.0021228101222246585, 0.1899224839957359, 0.01933104182492096, 0.003718102570336464], [0.004563810778457093, 0.14199402252054308, 0.1319952556087492, 0.0021719706553157154, 0.10309756763177469, 0.09953460845594433, 0.1750224845882458, 0.012327148836358022, 0.14140067590168295, 0.004398756740534775, 0.00030966571406424343, 0.17424452900836812, 0.006486501247521765, 0.002453002312440177], [0.003988139767641442, 0.058353791079969575, 0.027960712404707468, 0.0001473597560018876, 0.1067848412043235, 0.12415643806452215, 0.26615022204706673, 0.027344130013707363, 0.08260396910186761, 0.010065982522534099, 0.005101893384722961, 0.255153196422828, 0.025876087029386003, 0.006313237200721075], [0.03930586284440369, 0.1269571018895414, 0.11284649858943183, 0.003672341228355501, 0.0238856407269105, 0.008489315701135933, 0.2667003648194027, 0.011593011098080615, 0.09576279251518298, 0.004431112315233342, 0.007014119747881885, 0.2656921115521437, 0.015315579471367892, 0.018334147500928065], [0.2810185025354584, 0.09358429094419692, 0.021233189956841952, 0.002054011910573696, 0.03434515041625336, 0.18740308883508797, 0.009992616728822963, 0.01259788903217278, 0.057302132324998895, 0.00688801004431055, 0.01576395546646202, 0.27243672981781963, 0.003817234118758351, 0.0015631978682425695], [0.2608368539842448, 0.04061010021501904, 0.010274922627461247, 0.004915889917373099, 0.03439296081565398, 0.008536209148920658, 0.0009448856498754138, 0.006297688807839074, 0.03707043919894605, 0.1511391984947573, 0.1039187943223258, 0.31973829452057206, 0.021038127939921977, 0.00028563435708939483], [0.2811308491970732, 0.21514602068283273, 0.032302327184734865, 0.00512246226249275, 0.03216569123831263, 0.044143192951198874, 0.0025444283841177077, 0.02653207060981733, 0.0377381371998594, 0.02168004799615256, 0.0029323471075780936, 0.24621421232209426, 0.018427800852853407, 0.03392041201088213], [0.006842463523933274, 0.2912973629943327, 0.2241104043956095, 0.0021412320519076985, 0.11913719650977084, 0.01990281238796287, 0.00673658996966973, 0.020672275522194517, 0.05255846270626221, 0.0037073789000236076, 0.10037927668003864, 0.1255375191061751, 0.02217460866296766, 0.004802416589151861], [0.021525333386859725, 0.24118264869967548, 0.0311299591665447, 0.0973428944718993, 0.23204510982392937, 0.0003510456020272024, 0.006062966821720446, 0.06597901982303653, 0.022650544681907463, 0.03924731753251823, 0.21324852408218592, 0.022361916269801524, 0.0008713046960557681, 0.006001414941838389], [0.07071190081096937, 0.19507635928576078, 0.19068437644338718, 0.17470858248229665, 0.15063171133224415, 0.0002119515348993218, 0.0005416296011979335, 0.01986881533125786, 0.0049567823657737636, 0.004197308393616992, 0.17695569229433156, 0.006690221192030423, 0.002715311851755444, 0.0020493570804784216], [0.04967416251349951, 0.12625935048802475, 0.22038024457086372, 0.00035892449806495586, 0.23729691401538158, 0.017645264437423442, 0.0022695129816323574, 0.13310223741002894, 0.009171516311604469, 0.17656273488790863, 0.016795539506437366, 0.004066546710573084, 0.00014003712267667757, 0.00627701454588061], [0.00142559665356873, 0.06963681476050476, 0.02238158583947747, 0.17569091322858416, 0.18778682619068052, 0.013035925068307927, 0.0009475396607974733, 0.03774959248250293, 0.004703782943530758, 0.18253816775180243, 0.13889156042316694, 0.0003222323005902187, 0.15108693698198752, 0.013802525714498123], [0.00023194752925179165, 0.0031428000209012953, 0.01878077468214536, 0.017388294481656102, 0.2688711666372466, 0.020963894847242023, 0.203550048487056, 0.019574625531954125, 0.009830366182467009, 0.13526838041949038, 0.0008931107603425758, 0.0023802760061923463, 0.29584699631351746, 0.003277318100536729], [0.0002788088590415751, 0.001880220637535987, 0.012622672858542561, 0.016371784792574035, 0.33187827801264697, 0.026618163589666323, 0.08772912390797875, 0.00875383284439127, 0.012656763549681439, 0.10917380889321247, 7.231234539729596e-05, 0.00099199572231581, 0.388544458362541, 0.0024277756244745798], [0.0011540899566887003, 0.00033546901872374035, 0.0006043582059370844, 0.007377670948193336, 0.05377117406286747, 0.010214519903342803, 0.07457656393948864, 0.01398229138460124, 0.038268649951696494, 0.2553682676112596, 0.007791760991181006, 7.418367749289997e-05, 0.5363302778744115, 0.00015072247411553405], [0.2671401634204957, 0.013888005289327342, 0.06581945346599892, 0.003786495469777933, 0.019523877809833272, 0.1131199548319256, 0.006279481597402372, 0.0012061468007664056, 0.011421981658327108, 0.2657639587755374, 0.00010434931072811418, 0.0178159658248301, 0.09696074839654512, 0.11716941734850461], [0.27432772873660133, 0.007632175639176225, 0.23455576548611246, 0.0031655451379776108, 0.0007241184292137523, 0.04148322930894804, 0.010777320069621697, 0.02982259715730218, 0.026811189797757047, 0.05733540571602809, 0.0009266007762634766, 0.008757175397702146, 0.03578978585412381, 0.2678913624931721], [0.285179557221754, 0.004935967552979614, 0.24435424296690741, 0.003689800565339049, 0.0038839805289616926, 0.014990921859804553, 0.003666440637504855, 0.007705165813485171, 0.02881762249611095, 0.059726068517760876, 0.0009652364147525675, 0.017480997782228894, 0.03728208033874307, 0.28732191730366746], [0.17020247394237406, 0.00887514898137282, 0.28451071304553427, 0.007363010017865665, 0.017993893678513048, 0.02389107806577938, 0.006626028582633166, 0.01613358721357799, 0.035986771879629544, 0.006930871329056608, 0.052631986540447664, 0.04757250245522287, 0.009794307653659599, 0.31148762661433343], [0.06606532124380206, 0.01633467465251524, 0.1386063975205761, 0.004508934362191452, 0.01954141525385413, 0.06232528840771377, 0.00190535637044113, 6.857369298151649e-05, 0.0062500259861599655, 0.0023611055539809367, 0.054416946216539794, 0.07948284394922396, 0.16684373661453614, 0.3812893801754837], [0.0416849419367453, 0.00026397965758714404, 0.006280811705831155, 0.004088079884450322, 0.01853302445070536, 0.002708069271391921, 0.00022917711513206464, 0.0032467577283552453, 0.006132933465727874, 0.007969551031058186, 0.00015516103780702464, 0.010462525757229522, 0.4353433464286654, 0.4629016405293136], [0.0273584277179105, 0.0004756599463206053, 0.0005381178479689072, 0.00234123264403401, 0.005401646151671339, 0.376453828439936, 0.00033945761053329806, 0.0009306289728154251, 0.002184666863035411, 0.009358718261008607, 0.00026456210932254996, 0.017972969475986415, 0.1836333924061177, 0.37274669155333917], [0.005770022854496126, 0.00020825263927193289, 0.0005325347866695706, 0.0012215567473475531, 0.00939664800916006, 0.37719796024638846, 0.0003443041697381403, 0.0012163057318028568, 0.0020221090760944326, 0.006043260847849619, 0.006404875681747561, 0.0183145160122205, 0.18310132822050595, 0.3882263249767071], [0.006107070223168728, 0.0018736054787958647, 0.0003459973066999009, 0.0008337007828459623, 0.2371764392232355, 0.22005516456697263, 0.19541716041438292, 0.0010814285509759467, 0.002814955943197686, 0.004689275399286241, 0.0005370670421309079, 0.26367551545071505, 0.0637448812314917, 0.0016477383861011098], [0.34840308518476115, 8.852952190916276e-05, 0.001219345976664831, 0.002562394730349281, 0.019245303183192182, 0.06585905799688352, 0.30620070393927146, 0.003650609139508114, 0.0038712799475858427, 0.01951444905431586, 0.0019133685849404274, 0.18984131128451223, 0.009420067163052694, 0.028210494293053306], [0.29785518491356877, 0.0020161425585793276, 0.019687450605317788, 0.001963255645368064, 0.013177403027148924, 0.03151614059636848, 0.351573264361349, 0.0008603931833185342, 4.113655758636293e-06, 0.011559702848786367, 0.0009610917961026909, 0.002066759306412695, 0.008464581201775607, 0.25829451630014516]]","[""2013-05-23"", ""2013-08-22"", ""2013-11-20"", ""2014-02-24"", ""2014-05-23"", ""2014-08-22"", ""2014-11-20"", ""2015-02-24"", ""2015-05-26"", ""2015-08-24"", ""2015-11-20"", ""2016-02-24"", ""2016-05-24"", ""2016-05-24"", ""2016-11-21"", ""2017-02-23"", ""2017-05-24"", ""2017-05-24"", ""2017-11-21"", ""2018-02-23"", ""2018-05-24"", ""2018-05-24"", ""2018-11-21"", ""2019-02-26"", ""2019-05-28"", ""2019-05-28"", ""2019-08-26"", ""2020-02-26"", ""2020-05-27"", ""2020-05-27"", ""2020-11-23"", ""2021-02-25"", ""2021-05-26"", ""2021-08-25"", ""2021-08-25"", ""2022-02-24"", ""2022-05-25"", ""2022-08-25""]","[[0.00026349, -0.00103384], [0.00025228, -0.00089897], [0.00026002, -0.00097383]]","[[0.00023505870784560034, -0.0012850050314453152], [0.00023506047858330427, -0.00129742633466559], [0.000235611387581541, -0.001508841369768667], [0.00023713327299861237, -0.0017202564048679246], [0.00023962096662349767, -0.001931671439975999], [0.0002454678422589358, -0.0021430864751327216], [0.0002598918857313007, -0.002354501510178673], [0.00029784058956931395, -0.002565916544916771], [0.00036089679922478, -0.0027773315800204415], [0.000449060514653789, -0.0029887466151241157], [0.0005623317360756569, -0.0032001616505962912], [0.0007007104630955138, -0.00341157668569996], [0.0008641966955820692, -0.0036229917204351216], [0.0010527904344558548, -0.003834406755907298], [0.001266491678796339, -0.004045821791010967], [0.0015053004289103647, -0.004257236826114635]]","[""AAPL"", ""ADBE"", ""AMZN"", ""CRM"", ""CSCO"", ""GOOGL"", ""IBM"", ""INTC"", ""META"", ""MSFT"", ""NFLX"", ""NVDA"", ""ORCL"", ""TSLA""]",61290,DNSGA-II-A,1,11.18517109999084
